11
12
10
22
10
9
9
9
9
10
29
19
20
21
18
27
168
209
243
304
231
229
185
156
132
133
102
115
86
94
87
79
100
97
95
25
14
89
81
80
83
83
25
80
95
82
73
83
73
74
81
117
14
95
116
89
24
33
42
107
152
124
89
79
130
94
95
93
105
98
105
94
101
79
96
89
94
85
96
111
157
105
96
107
103
116
119
204
190
171
115
107
143
205
159
167
183
148
190
176
184
251
349
444
486
344
329
391
500
342
500
500
500
59
14
500
49
399
333
247
277
258
337
212
110
461
500
320
500
500
500
500
500
500
500
500
500
411
22
109
335
141
43
140
76
121
102
58
53
44
55
50
71
57
48
61
89
56
66
56
500
225
204
303
255
438
500
190
181
202
209
296
247
310
165
168
223
209
176
38
12
54
14
167
146
44
50
58
49
39
38
54
41
53
24
197
174
192
191
53
17
36
161
174
155
166
145
13
156
12
156
13
167
190
168
159
166
202
164
163
22
28
30
26
60
38
123
116
205
27
37
18
25
37
117
26
40
20
14
31
139
183
85
280
307
500
31
500
500
500
53
92
65
82
71
59
500
500
500
500
500
500
500
500
148
141
143
349
155
240
186
201
207
87
90
274
265
165
103
467
500
500
500
500
500
500
215
76
500
500
16
205
147
95
101
83
115
89
106
204
500
389
500
500
274
346
500
81
500
500
500
238
48
500
104
123
500
500
500
500
397
399
500
500
500
500
500
171
377
258
290
500
191
500
500
428
500
500
500
500
500
319
500
218
500
500
185
500
500
480
441
34
500
15
500
145
228
500
500
500
500
56
70
500
500
500
23
163
80
446
39
36
18
12
10
15
18
17
14
62
108
51
26
13
50
62
56
22
362
156
129
20
25
132
140
30
139
126
30
131
163
32
22
23
15
22
19
123
22
15
30
122
123
157
427
147
154
162
211
254
157
125
117
160
167
130
124
18
14
14
15
122
117
102
137
73
17
128
147
151
150
147
188
178
163
213
191
162
168
219
188
158
156
133
149
149
150
127
320
289
140
138
126
118
101
337
295
93
79
108
95
185
363
500
500
500
500
500
500
500
300
266
500
500
500
500
23
39
500
500
104
500
500
500
500
500
500
71
143
74
